0.77434,0.49878,0.19113,0.076849,0.040411,0.026822,0.02077,0.017372,0.015341,0.013883,0.012917,0.012261,0.011681,0.0113,0.010948,0.01073,0.010545,0.010455,0.010375,0.010422,0.010506,0.010688,0.010933,0.011236,0.011618,0.012208,0.012903,0.013821,0.015314,0.017277,0.020629,0.026825,0.040319,0.07664,0.18956,0.49367,0.69609,0.4352,0.1623,0.069735,0.041169,0.030377,0.025243,0.022167,0.020289,0.018826,0.017963,0.017151,0.016677,0.016308,0.016112,0.01603,0.016121,0.016302,0.016761,0.017213,0.017912,0.018892,0.020183,0.022231,0.025175,0.030447,0.04131,0.069578,0.16137,0.43214,0.27884,0.19077,0.089632,0.048543,0.033442,0.026786,0.023266,0.02106,0.019599,0.018671,0.018129,0.017764,0.017604,0.017784,0.018095,0.01875,0.019667,0.021032,0.023187,0.026777,0.033522,0.048758,0.089804,0.19023,0.10927,0.083408,0.050264,0.033779,0.026426,0.022757,0.020525,0.019433,0.018777,0.018606,0.018924,0.019509,0.020745,0.022819,0.02644,0.033863,0.0504,0.083398,0.054804,0.045292,0.032442,0.025367,0.021974,0.020569,0.020071,0.020505,0.022073,0.025483,0.0325,0.045251,0.035199,0.029582,0.02386,0.022351,0.024079,0.029818,0.026602
0.49878,0.77783,0.49483,0.19072,0.076662,0.040347,0.026991,0.020731,0.017429,0.015344,0.013993,0.013037,0.012219,0.011692,0.01124,0.010904,0.010751,0.010618,0.0105,0.010409,0.010417,0.010529,0.010679,0.010885,0.01119,0.011655,0.012182,0.012846,0.013937,0.015241,0.017363,0.020799,0.026915,0.040584,0.07669,0.19062,0.4977,0.68599,0.37115,0.1377,0.062428,0.038791,0.029407,0.024664,0.021822,0.019995,0.018702,0.01769,0.017062,0.01666,0.016361,0.016144,0.016048,0.016119,0.016473,0.016743,0.017349,0.018056,0.019052,0.020514,0.022635,0.026002,0.031884,0.044272,0.078358,0.19176,0.23351,0.26537,0.14881,0.070978,0.04202,0.030698,0.025428,0.02239,0.020486,0.019325,0.018574,0.018056,0.017809,0.017725,0.017837,0.018242,0.018976,0.020026,0.021692,0.024269,0.028572,0.037307,0.058072,0.11573,0.10149,0.10098,0.064628,0.040326,0.02949,0.02434,0.021525,0.02003,0.019018,0.018609,0.018763,0.019056,0.020017,0.021656,0.024325,0.029537,0.04051,0.064869,0.053475,0.050013,0.036089,0.027244,0.0229,0.020935,0.020069,0.02024,0.021361,0.024009,0.029508,0.040394,0.034933,0.030887,0.024581,0.022411,0.023515,0.02855,0.0266
0.19113,0.49483,0.77552,0.49814,0.19008,0.076518,0.040516,0.026917,0.020627,0.017322,0.01527,0.013917,0.012917,0.012245,0.011639,0.011187,0.010925,0.010711,0.010586,0.010407,0.010358,0.010392,0.010493,0.010645,0.010868,0.011184,0.0116,0.012126,0.012872,0.013804,0.015239,0.017303,0.020633,0.026884,0.040464,0.076969,0.22737,0.55451,0.6561,0.31707,0.11797,0.05655,0.036541,0.028282,0.023987,0.021412,0.019755,0.018448,0.017635,0.017014,0.016517,0.01623,0.015998,0.016024,0.016236,0.016408,0.016875,0.017343,0.018117,0.01923,0.020757,0.023018,0.026607,0.033021,0.047598,0.089311,0.1497,0.26485,0.23183,0.11519,0.057733,0.03695,0.02852,0.024139,0.021575,0.020045,0.019029,0.018233,0.01786,0.017641,0.017676,0.017948,0.018481,0.01922,0.020434,0.02238,0.025299,0.030684,0.041879,0.071047,0.083254,0.1082,0.08295,0.050089,0.033807,0.026402,0.022681,0.020691,0.019381,0.018751,0.01869,0.01878,0.019441,0.020592,0.022678,0.026421,0.033732,0.050172,0.04978,0.053297,0.040281,0.029384,0.023998,0.021429,0.020213,0.020052,0.020768,0.022804,0.027119,0.035956,0.034312,0.032072,0.025371,0.022526,0.022943,0.027298,0.02651
0.076849,0.19072,0.49814,0.76912,0.49081,0.18886,0.076578,0.04047,0.02666,0.0206,0.017254,0.015275,0.01396,0.01295,0.01214,0.011623,0.011241,0.010893,0.010741,0.010492,0.01037,0.010321,0.010367,0.01046,0.010623,0.010841,0.011189,0.011603,0.012121,0.012868,0.013896,0.015279,0.017373,0.020657,0.026796,0.040438,0.10224,0.26861,0.61049,0.60623,0.26628,0.10152,0.051625,0.034594,0.027278,0.023436,0.021107,0.019426,0.01829,0.017535,0.01692,0.01647,0.016111,0.015972,0.01604,0.016112,0.016455,0.016783,0.017453,0.01828,0.019435,0.021134,0.023518,0.027406,0.03469,0.051703,0.089721,0.18981,0.27699,0.18933,0.089328,0.048452,0.033391,0.026714,0.023027,0.02096,0.019671,0.018664,0.018114,0.017706,0.017592,0.017713,0.018034,0.018605,0.019541,0.020959,0.023196,0.026796,0.03347,0.04862,0.064701,0.10055,0.10065,0.064509,0.040241,0.029461,0.024252,0.021504,0.019901,0.019033,0.01869,0.018575,0.019,0.019832,0.021429,0.024231,0.029467,0.040345,0.045146,0.054577,0.045118,0.032204,0.025345,0.022049,0.020485,0.019969,0.020423,0.021947,0.025341,0.032341,0.033342,0.033306,0.026251,0.022681,0.022646,0.026256,0.026521
0.040411,0.076662,0.19008,0.49081,0.76692,0.49164,0.1892,0.076453,0.040212,0.026787,0.020623,0.017327,0.015312,0.013845,0.012848,0.012165,0.011634,0.011193,0.010911,0.010688,0.010456,0.01036,0.010309,0.01041,0.010495,0.010664,0.010877,0.011171,0.011534,0.012157,0.012911,0.013882,0.015288,0.017348,0.020634,0.026858,0.056715,0.11785,0.31567,0.64948,0.54983,0.22444,0.08877,0.047495,0.032974,0.026462,0.022944,0.0207,0.019177,0.018229,0.017374,0.016787,0.016363,0.016073,0.015977,0.016036,0.016267,0.016451,0.016852,0.017534,0.01841,0.019734,0.021484,0.024048,0.028193,0.03654,0.057881,0.11493,0.23112,0.26368,0.14839,0.070854,0.041895,0.030535,0.025153,0.022247,0.020535,0.019203,0.018464,0.0179,0.017626,0.01764,0.017827,0.01815,0.018773,0.019881,0.021669,0.024212,0.02849,0.036987,0.050177,0.082917,0.10829,0.082881,0.050228,0.033875,0.02637,0.022726,0.020606,0.019453,0.018758,0.018511,0.018713,0.019347,0.020513,0.022614,0.026372,0.033675,0.040403,0.053356,0.049763,0.035892,0.027195,0.022873,0.020807,0.019996,0.020089,0.021233,0.023802,0.029357,0.032109,0.034211,0.027293,0.022943,0.022361,0.02529,0.026432
0.026822,0.040347,0.076518,0.18886,0.49164,0.7688,0.49253,0.19002,0.076477,0.040398,0.026766,0.020663,0.017372,0.015233,0.013857,0.012898,0.012209,0.011638,0.011221,0.0109,0.010615,0.010438,0.010344,0.010331,0.01034,0.010492,0.010606,0.010844,0.011149,0.011606,0.012213,0.012918,0.013871,0.015215,0.01725,0.020659,0.038767,0.062361,0.13723,0.36898,0.67771,0.48983,0.19065,0.078147,0.043971,0.03153,0.025747,0.022505,0.020465,0.019081,0.018012,0.017242,0.016694,0.016303,0.016065,0.015986,0.016053,0.016156,0.016436,0.017017,0.017659,0.018664,0.020004,0.021778,0.024451,0.029274,0.041746,0.070716,0.14844,0.26389,0.23085,0.11521,0.057796,0.036886,0.028261,0.024004,0.021662,0.019976,0.018882,0.018203,0.017789,0.017627,0.017693,0.017911,0.018291,0.019152,0.02047,0.022306,0.025238,0.030563,0.040117,0.064293,0.10049,0.10056,0.064565,0.040327,0.029336,0.024293,0.021488,0.01992,0.018968,0.018541,0.018575,0.018965,0.019834,0.021438,0.024183,0.029358,0.035926,0.049724,0.053218,0.040146,0.029487,0.02395,0.021294,0.020155,0.019962,0.020719,0.02275,0.027116,0.030783,0.034814,0.028352,0.023332,0.022284,0.024572,0.02643
0.02077,0.026991,0.040516,0.076578,0.1892,0.49253,0.77415,0.4986,0.19078,0.076825,0.040433,0.026792,0.020653,0.017317,0.015218,0.01389,0.012919,0.01214,0.011631,0.011229,0.010852,0.010613,0.010526,0.010369,0.010361,0.010457,0.010497,0.010653,0.010867,0.011219,0.011637,0.012217,0.012952,0.013864,0.015277,0.017352,0.030563,0.041283,0.069704,0.16139,0.42886,0.69009,0.43295,0.16196,0.06958,0.04116,0.030342,0.025158,0.022205,0.020286,0.018861,0.017851,0.017142,0.016614,0.016314,0.01607,0.016089,0.016084,0.016248,0.016692,0.017135,0.017862,0.01893,0.020252,0.02225,0.025252,0.033482,0.048585,0.089351,0.18935,0.27655,0.19026,0.089548,0.048625,0.033364,0.026675,0.023237,0.021025,0.019664,0.018723,0.018149,0.017825,0.017664,0.017733,0.018022,0.018665,0.01961,0.021066,0.023277,0.026862,0.033777,0.050066,0.082897,0.10852,0.083258,0.050271,0.033904,0.026501,0.022828,0.020662,0.019486,0.018711,0.018565,0.018723,0.019367,0.020603,0.022695,0.026452,0.032354,0.045102,0.054658,0.045047,0.032471,0.025438,0.022076,0.020418,0.0199,0.02032,0.021952,0.02536,0.029542,0.035095,0.029611,0.023917,0.022257,0.02392,0.026533
0.017372,0.020731,0.026917,0.04047,0.076453,0.19002,0.4986,0.77746,0.49467,0.18994,0.076744,0.040465,0.026901,0.020651,0.017311,0.015322,0.013915,0.012924,0.012211,0.011697,0.011194,0.010868,0.010706,0.010473,0.010371,0.010345,0.01036,0.010489,0.010644,0.010841,0.011232,0.011614,0.012238,0.012871,0.013863,0.01535,0.025971,0.031738,0.044185,0.078393,0.1907,0.49489,0.68567,0.37087,0.13734,0.062378,0.038609,0.029257,0.024648,0.02189,0.019993,0.018764,0.01786,0.017054,0.016624,0.016282,0.016144,0.016003,0.016109,0.01636,0.016678,0.017288,0.018083,0.019067,0.020555,0.022679,0.028548,0.037126,0.057798,0.11517,0.23171,0.26536,0.14896,0.071053,0.041799,0.030565,0.025397,0.022429,0.020578,0.019392,0.018559,0.018049,0.017737,0.017615,0.017815,0.018125,0.018915,0.020094,0.02174,0.02427,0.029439,0.040366,0.064474,0.101,0.10116,0.064677,0.040431,0.029586,0.024445,0.021591,0.020089,0.019075,0.018666,0.018597,0.01899,0.01991,0.021566,0.024301,0.029503,0.040326,0.053376,0.049846,0.036106,0.027209,0.022957,0.020844,0.02003,0.020121,0.021333,0.023951,0.028414,0.03485,0.030939,0.02461,0.022299,0.023506,0.026582
0.015341,0.017429,0.020627,0.02666,0.040212,0.076477,0.19078,0.49467,0.76983,0.49624,0.19064,0.076826,0.040318,0.026768,0.020589,0.017267,0.015302,0.013843,0.012898,0.012249,0.011639,0.011147,0.010906,0.010629,0.010457,0.010411,0.010289,0.01038,0.01045,0.010612,0.010888,0.011183,0.011622,0.012189,0.012923,0.013983,0.02319,0.026652,0.03308,0.047542,0.088768,0.22624,0.55408,0.65179,0.31658,0.1177,0.056275,0.036433,0.02824,0.023997,0.021397,0.019847,0.018573,0.017527,0.016956,0.016492,0.016223,0.016007,0.016001,0.016134,0.016412,0.016798,0.017402,0.018164,0.019316,0.020852,0.025358,0.030577,0.041793,0.070861,0.14852,0.26444,0.23168,0.11515,0.057634,0.036911,0.0284,0.024147,0.021721,0.020104,0.018996,0.018269,0.017793,0.017582,0.017638,0.017818,0.01843,0.019297,0.020537,0.022462,0.026373,0.03376,0.050106,0.083107,0.10868,0.082995,0.05013,0.033947,0.026483,0.022727,0.020653,0.019363,0.018715,0.018493,0.018699,0.019347,0.020695,0.022656,0.027203,0.036014,0.049725,0.053289,0.040211,0.0295,0.024015,0.021256,0.020092,0.019959,0.020822,0.022875,0.02731,0.034162,0.032098,0.025369,0.022467,0.023062,0.026521
0.013883,0.015344,0.017322,0.0206,0.026787,0.040398,0.076825,0.18994,0.49624,0.77544,0.49559,0.19006,0.076485,0.04024,0.026766,0.020667,0.01741,0.015256,0.013923,0.013008,0.012235,0.01163,0.011221,0.010879,0.010678,0.010534,0.010409,0.010412,0.010385,0.010475,0.010692,0.010899,0.011182,0.011598,0.012117,0.012914,0.02126,0.023539,0.027397,0.034725,0.051722,0.10205,0.2679,0.60827,0.60925,0.26709,0.10142,0.051413,0.034719,0.027473,0.023443,0.021223,0.019635,0.018311,0.017517,0.016881,0.016515,0.016178,0.016073,0.016097,0.016283,0.01657,0.016918,0.017468,0.018351,0.019427,0.023198,0.026672,0.033421,0.048514,0.089295,0.18966,0.27718,0.18974,0.08912,0.048311,0.033411,0.0267,0.023253,0.021095,0.019665,0.018708,0.018107,0.017689,0.017582,0.017735,0.018136,0.018698,0.01963,0.021054,0.024282,0.029385,0.040249,0.064609,0.10112,0.10079,0.064427,0.040423,0.029516,0.024366,0.021577,0.01991,0.019013,0.0186,0.018602,0.019046,0.019964,0.021553,0.02542,0.032319,0.04506,0.054657,0.045077,0.032339,0.025381,0.021958,0.020364,0.019911,0.020386,0.021913,0.026229,0.033262,0.0333,0.026214,0.022683,0.022672,0.026481
0.012917,0.013993,0.01527,0.017254,0.020623,0.026766,0.040433,0.076744,0.19064,0.49559,0.77305,0.49422,0.19018,0.076526,0.040092,0.026679,0.020821,0.017439,0.015379,0.013901,0.01288,0.012139,0.011607,0.011196,0.010891,0.010672,0.010475,0.010395,0.010332,0.010372,0.010487,0.010623,0.010886,0.011252,0.011646,0.012235,0.019865,0.021525,0.023965,0.028196,0.036456,0.056564,0.11814,0.31623,0.65319,0.55162,0.22547,0.088611,0.047355,0.033037,0.026629,0.023102,0.020829,0.01921,0.018098,0.017349,0.016821,0.01638,0.016093,0.016061,0.016055,0.016253,0.016508,0.016979,0.017687,0.018517,0.021651,0.024049,0.028461,0.036856,0.057707,0.11537,0.232,0.26409,0.14824,0.070645,0.041847,0.030549,0.025384,0.022437,0.02047,0.019258,0.01846,0.017892,0.017705,0.0176,0.017819,0.018212,0.019021,0.02005,0.022652,0.026347,0.033642,0.050152,0.083361,0.10851,0.082865,0.050264,0.033923,0.026569,0.022839,0.020692,0.019438,0.018738,0.018493,0.018718,0.019392,0.020706,0.02397,0.029383,0.040209,0.053218,0.049682,0.035986,0.02728,0.022942,0.020772,0.019983,0.020122,0.021231,0.025315,0.032075,0.034233,0.027264,0.022976,0.022484,0.026555
0.012261,0.013037,0.013917,0.015275,0.017327,0.020663,0.026792,0.040465,0.076826,0.19006,0.49422,0.77522,0.49679,0.19007,0.076246,0.040199,0.026919,0.02071,0.017395,0.015317,0.013884,0.012906,0.012212,0.011641,0.011162,0.010852,0.010672,0.010488,0.010433,0.010394,0.010373,0.01045,0.010636,0.010889,0.011231,0.01167,0.018832,0.020081,0.021842,0.024536,0.029252,0.038713,0.062509,0.13738,0.37021,0.681,0.49389,0.18998,0.078024,0.044121,0.031671,0.025906,0.022629,0.020467,0.018975,0.018066,0.017224,0.016671,0.016301,0.01614,0.01602,0.016145,0.016218,0.016585,0.017071,0.017786,0.020569,0.022289,0.025336,0.030538,0.041797,0.07108,0.14884,0.26404,0.23072,0.11451,0.057836,0.037076,0.028521,0.024274,0.021605,0.020047,0.018907,0.018122,0.017818,0.01759,0.017688,0.017967,0.018514,0.019312,0.021557,0.02428,0.029336,0.040316,0.064619,0.10073,0.10063,0.064551,0.040427,0.02956,0.024405,0.021586,0.019928,0.019015,0.018588,0.018563,0.018978,0.019988,0.022856,0.027186,0.035989,0.049656,0.053225,0.040375,0.029609,0.023992,0.021274,0.020132,0.019965,0.020702,0.024608,0.030906,0.03484,0.028418,0.023366,0.022284,0.026524
0.011681,0.012219,0.012917,0.01396,0.015312,0.017372,0.020653,0.026901,0.040318,0.076485,0.19018,0.49679,0.77326,0.49275,0.18875,0.076106,0.040376,0.026773,0.020661,0.01733,0.015259,0.013865,0.012934,0.012204,0.011605,0.011179,0.010885,0.010615,0.010459,0.010376,0.010334,0.010345,0.010473,0.010649,0.010901,0.011177,0.017922,0.018853,0.020281,0.022217,0.025155,0.030356,0.041152,0.069435,0.16128,0.43092,0.69113,0.42779,0.1605,0.069402,0.041064,0.030394,0.025179,0.022099,0.020115,0.018875,0.017881,0.017118,0.016599,0.01627,0.016075,0.016109,0.016035,0.016296,0.016625,0.017132,0.019618,0.020897,0.023152,0.026678,0.03329,0.048542,0.08941,0.18905,0.27534,0.18833,0.089212,0.048444,0.033418,0.026841,0.023136,0.021069,0.019562,0.018559,0.017999,0.017715,0.017679,0.017709,0.018029,0.018638,0.020575,0.022645,0.026374,0.033739,0.050231,0.082833,0.10819,0.08293,0.050256,0.033837,0.026536,0.022748,0.020636,0.019319,0.018649,0.018489,0.018675,0.019308,0.022003,0.025362,0.032333,0.044942,0.054568,0.045167,0.032465,0.025373,0.021896,0.020333,0.019829,0.020315,0.023926,0.029605,0.035074,0.029639,0.023938,0.022249,0.026515
0.0113,0.011692,0.012245,0.01295,0.013845,0.015233,0.017317,0.020651,0.026768,0.04024,0.076526,0.19007,0.49275,0.76482,0.49085,0.18859,0.076466,0.040413,0.026791,0.020635,0.017295,0.015241,0.013898,0.012933,0.012143,0.011619,0.011141,0.010826,0.010569,0.010488,0.010414,0.010364,0.010439,0.010452,0.010654,0.010854,0.017241,0.018089,0.019137,0.020409,0.022527,0.025811,0.031531,0.043917,0.0781,0.19021,0.49024,0.67504,0.36787,0.13687,0.062282,0.03861,0.029168,0.024428,0.02166,0.020032,0.018666,0.017733,0.017,0.016486,0.01621,0.016145,0.016077,0.016121,0.016316,0.016658,0.018871,0.019929,0.021584,0.024092,0.028409,0.03702,0.057624,0.11442,0.22961,0.26242,0.14819,0.070634,0.041856,0.030548,0.025192,0.022347,0.020469,0.019128,0.018301,0.017817,0.017715,0.017594,0.01775,0.01811,0.019856,0.021467,0.02417,0.029337,0.040279,0.064315,0.10033,0.10061,0.064603,0.040235,0.029427,0.024262,0.021529,0.019836,0.018892,0.0185,0.018561,0.018882,0.021253,0.023865,0.029364,0.040044,0.053083,0.049667,0.035918,0.027169,0.022725,0.020697,0.019812,0.020043,0.023279,0.028332,0.034713,0.030756,0.024521,0.022185,0.026397
0.010948,0.01124,0.011639,0.01214,0.012848,0.013857,0.015218,0.017311,0.020589,0.026766,0.040092,0.076246,0.18875,0.49085,0.76783,0.49103,0.18999,0.076789,0.040362,0.026887,0.020639,0.017183,0.015208,0.013872,0.012814,0.012167,0.011621,0.011201,0.010835,0.010598,0.01045,0.010346,0.010386,0.010403,0.010496,0.010655,0.016767,0.017389,0.018141,0.01922,0.020729,0.022936,0.026453,0.032912,0.047354,0.088183,0.22402,0.54999,0.64943,0.31538,0.11792,0.056664,0.036532,0.028082,0.023822,0.02142,0.019686,0.018529,0.017565,0.016928,0.016421,0.016191,0.016073,0.016051,0.016136,0.016364,0.01837,0.019106,0.020433,0.022305,0.025309,0.030596,0.041748,0.070461,0.1477,0.26304,0.23109,0.11485,0.057852,0.037012,0.028392,0.024128,0.02163,0.019898,0.018892,0.018137,0.017767,0.017489,0.017583,0.017802,0.019313,0.020582,0.022612,0.026356,0.033804,0.049999,0.082752,0.1086,0.083332,0.050175,0.03383,0.026375,0.022659,0.020634,0.019371,0.018646,0.018483,0.01865,0.020749,0.022819,0.027068,0.03576,0.049765,0.053425,0.040266,0.029487,0.023867,0.021265,0.020021,0.019916,0.022951,0.027242,0.03429,0.032176,0.025374,0.02234,0.026507
0.01073,0.010904,0.011187,0.011623,0.012165,0.012898,0.01389,0.015322,0.017267,0.020667,0.026679,0.040199,0.076106,0.18859,0.49103,0.77041,0.49838,0.19124,0.076866,0.040554,0.026807,0.020509,0.01726,0.015322,0.013864,0.012846,0.012177,0.011667,0.011166,0.010882,0.010636,0.010465,0.010405,0.01038,0.010394,0.010588,0.016537,0.016935,0.017496,0.018333,0.019441,0.021051,0.023395,0.027269,0.034513,0.051444,0.10121,0.26597,0.60588,0.6107,0.26935,0.10238,0.051746,0.034567,0.027297,0.023478,0.021132,0.019385,0.018291,0.017502,0.016847,0.01649,0.016272,0.016089,0.01608,0.016212,0.01811,0.01861,0.019606,0.020995,0.023189,0.026692,0.033365,0.048203,0.088865,0.18878,0.27704,0.18978,0.089903,0.048724,0.033476,0.026744,0.023241,0.02094,0.019638,0.018669,0.018113,0.01768,0.017592,0.017718,0.018982,0.019862,0.021478,0.024235,0.029515,0.040296,0.064334,0.10089,0.10118,0.064724,0.040535,0.029449,0.024267,0.021566,0.019944,0.019022,0.01858,0.018518,0.020301,0.021877,0.025316,0.032303,0.045242,0.054819,0.045253,0.032456,0.025306,0.021961,0.02036,0.019894,0.022613,0.026167,0.033376,0.033372,0.026278,0.022636,0.026493
0.010545,0.010751,0.010925,0.011241,0.011634,0.012209,0.012919,0.013915,0.015302,0.01741,0.020821,0.026919,0.040376,0.076466,0.18999,0.49838,0.7788,0.49769,0.19127,0.0772,0.040559,0.026826,0.02077,0.017423,0.015372,0.013959,0.012971,0.012214,0.011593,0.011236,0.010939,0.010661,0.010513,0.01043,0.010369,0.010486,0.016396,0.016674,0.017072,0.017685,0.018515,0.019763,0.021438,0.024062,0.028294,0.036697,0.056544,0.11777,0.31727,0.65956,0.55772,0.22724,0.089262,0.047601,0.033127,0.026639,0.023163,0.020855,0.019254,0.018171,0.017367,0.016863,0.016511,0.016217,0.016038,0.016091,0.017877,0.018297,0.018976,0.020011,0.02174,0.024203,0.028625,0.037038,0.057845,0.11527,0.23292,0.26532,0.14981,0.071462,0.042094,0.030781,0.025504,0.022408,0.020537,0.01919,0.018454,0.017977,0.017742,0.01773,0.018828,0.019394,0.020639,0.022769,0.026584,0.034,0.050326,0.083518,0.10913,0.083459,0.05062,0.034013,0.026595,0.022834,0.020639,0.019378,0.018752,0.018553,0.020197,0.02133,0.024061,0.029467,0.04055,0.053562,0.04995,0.036142,0.027273,0.022922,0.020814,0.020089,0.022572,0.025372,0.032219,0.034314,0.027333,0.023069,0.026558
0.010455,0.010618,0.010711,0.010893,0.011193,0.011638,0.01214,0.012924,0.013843,0.015256,0.017439,0.02071,0.026773,0.040413,0.076789,0.19124,0.49769,0.77893,0.4985,0.19134,0.076687,0.040297,0.026882,0.020729,0.017364,0.015285,0.013911,0.012915,0.012166,0.011624,0.011264,0.010919,0.010668,0.010517,0.010385,0.01039,0.016272,0.016372,0.016668,0.017073,0.017712,0.01867,0.019961,0.021807,0.024536,0.029321,0.038628,0.062398,0.1378,0.37331,0.68499,0.49503,0.19124,0.078265,0.044051,0.031677,0.025895,0.022598,0.020469,0.019034,0.017989,0.017338,0.016848,0.016376,0.016134,0.016009,0.01767,0.017969,0.018447,0.019226,0.020518,0.022317,0.025401,0.030579,0.041814,0.070956,0.14942,0.26476,0.23249,0.11581,0.05804,0.037222,0.028572,0.024138,0.021675,0.02003,0.019003,0.018346,0.017818,0.017623,0.018566,0.018959,0.01985,0.021539,0.024405,0.029523,0.040406,0.064903,0.10119,0.10135,0.065037,0.040553,0.02955,0.024291,0.02154,0.019999,0.018996,0.018584,0.019934,0.020685,0.022874,0.027125,0.036128,0.04998,0.05341,0.040475,0.029534,0.023986,0.021337,0.020106,0.022337,0.024522,0.030897,0.034969,0.028466,0.023471,0.026517
0.010375,0.0105,0.010586,0.010741,0.010911,0.011221,0.011631,0.012211,0.012898,0.013923,0.015379,0.017395,0.020661,0.026791,0.040362,0.076866,0.19127,0.4985,0.77901,0.49977,0.19061,0.076409,0.040368,0.026834,0.02061,0.017323,0.015263,0.013794,0.012859,0.012143,0.01164,0.011259,0.01095,0.010672,0.010529,0.010447,0.016168,0.016207,0.016389,0.016702,0.01718,0.017932,0.018909,0.02026,0.022203,0.02517,0.030394,0.041066,0.069478,0.162,0.43254,0.69479,0.43299,0.16148,0.069394,0.041192,0.030426,0.025199,0.022076,0.020139,0.018832,0.017898,0.017263,0.016666,0.016391,0.016111,0.017639,0.017794,0.018049,0.018735,0.019651,0.021029,0.023219,0.026694,0.033348,0.048513,0.089575,0.18975,0.27816,0.19063,0.089668,0.048648,0.033482,0.026767,0.023196,0.020974,0.019619,0.018737,0.018076,0.017717,0.018603,0.018831,0.019347,0.020632,0.02283,0.026446,0.033903,0.050459,0.083472,0.10919,0.083802,0.050497,0.034038,0.026557,0.02268,0.020624,0.019346,0.018768,0.01996,0.020373,0.022041,0.025429,0.03252,0.045372,0.054868,0.045478,0.03257,0.025443,0.022049,0.020428,0.022363,0.023941,0.029728,0.035264,0.029782,0.023986,0.026584
0.010422,0.010409,0.010407,0.010492,0.010688,0.0109,0.011229,0.011697,0.012249,0.013008,0.013901,0.015317,0.01733,0.020635,0.026887,0.040554,0.0772,0.19134,0.49977,0.77666,0.49442,0.18931,0.076323,0.040277,0.026711,0.020676,0.017342,0.015185,0.013883,0.012914,0.012195,0.011649,0.011241,0.010901,0.010695,0.010497,0.016213,0.016078,0.016165,0.016389,0.016755,0.01733,0.018093,0.019189,0.020593,0.02257,0.025804,0.031519,0.044088,0.078547,0.19192,0.49648,0.68148,0.36896,0.13677,0.062461,0.038699,0.02924,0.024531,0.021771,0.019998,0.018679,0.017827,0.01705,0.016623,0.016306,0.017711,0.01768,0.017852,0.018261,0.019,0.020048,0.021626,0.024203,0.028466,0.037044,0.058011,0.11552,0.23281,0.2648,0.14881,0.07093,0.041856,0.030635,0.025351,0.022343,0.020475,0.019283,0.018438,0.017992,0.018637,0.018631,0.018982,0.019975,0.021564,0.024365,0.02953,0.040506,0.06495,0.10148,0.10165,0.064851,0.040453,0.029564,0.024314,0.021492,0.019873,0.019036,0.020008,0.020123,0.021359,0.023991,0.029572,0.040458,0.053539,0.050114,0.036114,0.027251,0.022887,0.020808,0.022393,0.023451,0.028447,0.034984,0.031063,0.024548,0.026564
0.010506,0.010417,0.010358,0.01037,0.010456,0.010615,0.010852,0.011194,0.011639,0.012235,0.01288,0.013884,0.015259,0.017295,0.020639,0.026807,0.040559,0.076687,0.19061,0.49442,0.76797,0.48943,0.18804,0.075998,0.040061,0.026796,0.020546,0.017206,0.015248,0.013844,0.012882,0.012109,0.011595,0.011137,0.010833,0.010655,0.016288,0.016093,0.016056,0.016164,0.016401,0.016884,0.017376,0.018142,0.019252,0.020727,0.02294,0.026477,0.032894,0.047525,0.089033,0.22614,0.54991,0.64748,0.31272,0.11713,0.056378,0.036424,0.028165,0.023916,0.021359,0.019632,0.01854,0.017583,0.016944,0.016534,0.017815,0.017642,0.017642,0.017905,0.018441,0.019231,0.020432,0.02229,0.025263,0.030598,0.041823,0.070896,0.14909,0.26364,0.23055,0.11468,0.057604,0.036935,0.028349,0.024057,0.021564,0.020043,0.018897,0.018295,0.018722,0.018498,0.018673,0.019399,0.02062,0.022758,0.026369,0.033849,0.050288,0.083473,0.10914,0.083338,0.050257,0.033803,0.026412,0.022602,0.020567,0.019347,0.020154,0.019902,0.020756,0.022753,0.027189,0.036084,0.049957,0.053519,0.040383,0.029485,0.023898,0.021281,0.022445,0.02297,0.027276,0.034321,0.032218,0.02525,0.026562
0.010688,0.010529,0.010392,0.010321,0.01036,0.010438,0.010613,0.010868,0.011147,0.01163,0.012139,0.012906,0.013865,0.015241,0.017183,0.020509,0.026826,0.040297,0.076409,0.18931,0.48943,0.76252,0.48969,0.1887,0.075962,0.040231,0.026642,0.020502,0.017242,0.015148,0.013784,0.012807,0.012123,0.011613,0.011168,0.010892,0.016491,0.016232,0.016038,0.016026,0.016166,0.016458,0.016903,0.017353,0.01827,0.019408,0.020942,0.023288,0.027162,0.034478,0.051583,0.10155,0.26541,0.60186,0.6014,0.26606,0.10136,0.051418,0.034386,0.027236,0.02341,0.020999,0.019466,0.018295,0.017532,0.016895,0.017971,0.017697,0.017604,0.017672,0.018044,0.018637,0.019481,0.020881,0.023047,0.026582,0.033293,0.048336,0.089382,0.18918,0.27497,0.1886,0.089088,0.048277,0.033145,0.026632,0.023124,0.021007,0.019558,0.018638,0.018877,0.018553,0.018551,0.018927,0.019829,0.021461,0.024183,0.02936,0.040361,0.064735,0.10116,0.10066,0.064495,0.040284,0.029337,0.024203,0.021454,0.019824,0.020316,0.019785,0.020298,0.021832,0.0253,0.032364,0.045213,0.054665,0.045044,0.032198,0.025252,0.021893,0.022595,0.022566,0.026199,0.033266,0.033285,0.026135,0.026481
0.010933,0.010679,0.010493,0.010367,0.010309,0.010344,0.010526,0.010706,0.010906,0.011221,0.011607,0.012212,0.012934,0.013898,0.015208,0.01726,0.02077,0.026882,0.040368,0.076323,0.18804,0.48969,0.77155,0.49325,0.18849,0.076115,0.040197,0.026741,0.020612,0.017258,0.015192,0.01381,0.012862,0.012131,0.011596,0.011208,0.016843,0.016449,0.01616,0.015971,0.016078,0.016224,0.016598,0.016944,0.017608,0.018431,0.019641,0.02141,0.023914,0.028222,0.036639,0.056445,0.11696,0.313,0.6491,0.55278,0.22483,0.088504,0.047282,0.03295,0.026508,0.022966,0.020768,0.019209,0.018182,0.01738,0.018397,0.017895,0.017548,0.017554,0.017769,0.018193,0.018928,0.019953,0.02156,0.024075,0.028452,0.036934,0.057745,0.11501,0.23042,0.26368,0.1486,0.070845,0.041687,0.030467,0.025268,0.022307,0.020485,0.019272,0.019325,0.018654,0.018362,0.01863,0.019372,0.020572,0.022696,0.026465,0.033779,0.050279,0.083405,0.10856,0.083109,0.050148,0.033667,0.02634,0.022652,0.0206,0.020654,0.019791,0.020093,0.021196,0.023868,0.029401,0.040327,0.053388,0.049681,0.035908,0.027127,0.022843,0.022917,0.022381,0.025309,0.032119,0.034208,0.027207,0.026483
0.011236,0.010885,0.010645,0.01046,0.01041,0.010331,0.010369,0.010473,0.010629,0.010879,0.011196,0.011641,0.012204,0.012933,0.013872,0.015322,0.017423,0.020729,0.026834,0.040277,0.075998,0.1887,0.49325,0.76607,0.48921,0.18844,0.076185,0.040194,0.026659,0.020668,0.01733,0.015238,0.0139,0.012892,0.012143,0.01164,0.017328,0.016787,0.016344,0.016035,0.015994,0.016007,0.016198,0.016535,0.016995,0.017741,0.018664,0.019903,0.021732,0.024615,0.029375,0.038642,0.062111,0.13662,0.36955,0.67812,0.49022,0.18979,0.077616,0.043907,0.031581,0.025865,0.022578,0.02048,0.019056,0.018015,0.018919,0.018203,0.017682,0.017544,0.017606,0.017851,0.01844,0.019225,0.020411,0.022224,0.025374,0.030647,0.04196,0.07089,0.14855,0.26446,0.23165,0.11501,0.057709,0.036938,0.028439,0.024154,0.02162,0.020042,0.019869,0.019019,0.018478,0.018509,0.01899,0.019907,0.021423,0.024276,0.02947,0.04045,0.0649,0.10121,0.10126,0.064544,0.040288,0.02938,0.024194,0.021414,0.0212,0.020046,0.019968,0.02073,0.02273,0.0271,0.036101,0.050042,0.053286,0.040324,0.029432,0.023891,0.023249,0.022263,0.024498,0.03089,0.034923,0.028317,0.026445
0.011618,0.01119,0.010868,0.010623,0.010495,0.01034,0.010361,0.010371,0.010457,0.010678,0.010891,0.011162,0.011605,0.012143,0.012814,0.013864,0.015372,0.017364,0.02061,0.026711,0.040061,0.075962,0.18849,0.48921,0.75905,0.48949,0.18893,0.076076,0.040052,0.026729,0.02054,0.01718,0.015206,0.013884,0.012844,0.012158,0.017876,0.017095,0.016613,0.016251,0.016027,0.016019,0.016122,0.016269,0.016581,0.017095,0.017773,0.018713,0.020109,0.022114,0.025111,0.030331,0.040986,0.069061,0.16044,0.42765,0.68541,0.42726,0.16007,0.069068,0.041068,0.030215,0.025065,0.02218,0.020146,0.018751,0.019527,0.018562,0.017954,0.017653,0.017623,0.017734,0.018009,0.018585,0.019457,0.020868,0.023146,0.026657,0.033393,0.0485,0.089151,0.18921,0.27643,0.18862,0.088929,0.048362,0.033228,0.026623,0.023185,0.020929,0.020486,0.019311,0.018721,0.018503,0.018684,0.019353,0.020475,0.022661,0.026353,0.033827,0.050305,0.083211,0.10881,0.082754,0.049895,0.033659,0.02636,0.02261,0.021873,0.020232,0.019879,0.020332,0.021919,0.025303,0.032377,0.045139,0.054439,0.044921,0.032168,0.025207,0.023752,0.022231,0.02386,0.029558,0.034999,0.029411,0.02645
0.012208,0.011655,0.011184,0.010841,0.010664,0.010492,0.010457,0.010345,0.010411,0.010534,0.010672,0.010852,0.011179,0.011619,0.012167,0.012846,0.013959,0.015285,0.017323,0.020676,0.026796,0.040231,0.076115,0.18844,0.48949,0.77143,0.49369,0.18903,0.076175,0.040216,0.026704,0.020582,0.017371,0.015278,0.013904,0.012921,0.018709,0.01772,0.01708,0.0166,0.016279,0.016121,0.016047,0.016148,0.016317,0.016655,0.017249,0.017882,0.018976,0.020514,0.022549,0.025836,0.031596,0.044006,0.077887,0.18998,0.49063,0.67761,0.36812,0.13661,0.062266,0.038571,0.02928,0.024682,0.021825,0.019955,0.020491,0.019191,0.018395,0.017885,0.017668,0.017607,0.017751,0.018243,0.018907,0.019904,0.021673,0.024162,0.028508,0.037163,0.057772,0.11507,0.2312,0.26322,0.14825,0.070732,0.041784,0.030567,0.025362,0.02232,0.021453,0.019826,0.019007,0.018561,0.018561,0.018987,0.019867,0.021594,0.0243,0.029565,0.040502,0.064723,0.10101,0.10064,0.06448,0.040228,0.029463,0.024211,0.022908,0.02071,0.01999,0.020088,0.021267,0.023993,0.029532,0.040383,0.053292,0.049819,0.035859,0.027132,0.024593,0.022334,0.023397,0.028338,0.034822,0.030851,0.026515
0.012903,0.012182,0.0116,0.011189,0.010877,0.010606,0.010497,0.01036,0.010289,0.010409,0.010475,0.010672,0.010885,0.011141,0.011621,0.012177,0.012971,0.013911,0.015263,0.017342,0.020546,0.026642,0.040197,0.076185,0.18893,0.49369,0.77234,0.49142,0.18873,0.076109,0.040213,0.026748,0.020641,0.0173,0.01521,0.013836,0.019669,0.018467,0.017662,0.017019,0.016543,0.016189,0.016026,0.016034,0.016067,0.016342,0.016774,0.017255,0.018138,0.019309,0.020759,0.022983,0.026512,0.03286,0.047274,0.088492,0.22506,0.55025,0.6482,0.31341,0.11727,0.056512,0.036561,0.028298,0.024025,0.02139,0.021603,0.019914,0.018827,0.018158,0.017795,0.017555,0.017564,0.017839,0.018334,0.019167,0.020555,0.022386,0.025352,0.03059,0.041718,0.070875,0.14854,0.26315,0.23044,0.1145,0.057592,0.036841,0.028373,0.024119,0.022661,0.020509,0.019308,0.018661,0.018485,0.0187,0.019287,0.020581,0.022693,0.026466,0.033907,0.05023,0.083032,0.10825,0.08294,0.049998,0.033764,0.026376,0.023982,0.02123,0.020053,0.019865,0.020621,0.022713,0.027195,0.035955,0.049691,0.053245,0.040191,0.029398,0.025356,0.022426,0.022984,0.027232,0.034189,0.032143,0.026456
0.013821,0.012846,0.012126,0.011603,0.011171,0.010844,0.010653,0.010489,0.01038,0.010412,0.010395,0.010488,0.010615,0.010826,0.011201,0.011667,0.012214,0.012915,0.013794,0.015185,0.017206,0.020502,0.026741,0.040194,0.076076,0.18903,0.49142,0.76444,0.49108,0.18808,0.07605,0.040172,0.026656,0.020512,0.017225,0.015214,0.021011,0.019413,0.018356,0.017455,0.016872,0.016394,0.016183,0.016077,0.016001,0.016114,0.016348,0.016747,0.017402,0.01838,0.019449,0.020975,0.023393,0.027302,0.034506,0.051488,0.10151,0.26528,0.60062,0.60319,0.26574,0.10149,0.051599,0.034553,0.027303,0.023402,0.023123,0.020882,0.019508,0.018584,0.018056,0.017645,0.017546,0.017649,0.017956,0.018515,0.01966,0.020936,0.023109,0.026669,0.033253,0.048393,0.089079,0.18819,0.27491,0.18832,0.089025,0.048373,0.033248,0.02663,0.024239,0.021408,0.019731,0.018871,0.018536,0.01857,0.018954,0.019849,0.021527,0.02425,0.029391,0.040278,0.064487,0.10044,0.10022,0.064265,0.040201,0.029323,0.025408,0.021874,0.020297,0.019818,0.020258,0.021893,0.025324,0.03231,0.044943,0.054399,0.044878,0.032234,0.026157,0.022581,0.022674,0.026197,0.033237,0.033239,0.026343
0.015314,0.013937,0.012872,0.012121,0.011534,0.011149,0.010867,0.010644,0.01045,0.010385,0.010332,0.010433,0.010459,0.010569,0.010835,0.011166,0.011593,0.012166,0.012859,0.013883,0.015248,0.017242,0.020612,0.026659,0.040052,0.076175,0.18873,0.49108,0.76517,0.48815,0.18846,0.076264,0.04022,0.026719,0.020486,0.017236,0.023047,0.020763,0.019244,0.018053,0.017285,0.016703,0.016364,0.016106,0.016036,0.015981,0.016095,0.016384,0.016899,0.017576,0.018535,0.019699,0.02144,0.023954,0.028178,0.036461,0.056367,0.11669,0.31275,0.65003,0.54911,0.22496,0.088823,0.047559,0.032936,0.026425,0.025226,0.022253,0.020355,0.019181,0.018346,0.017802,0.017558,0.017539,0.017669,0.018123,0.019003,0.019944,0.021624,0.02416,0.028351,0.036809,0.057575,0.11426,0.2305,0.2633,0.1486,0.070893,0.041788,0.03051,0.026373,0.022582,0.020455,0.01927,0.018652,0.018458,0.018683,0.019351,0.020623,0.022668,0.02643,0.033737,0.050107,0.082862,0.10785,0.082785,0.050068,0.033681,0.027181,0.022765,0.020736,0.019829,0.019997,0.021228,0.023949,0.029472,0.040212,0.053187,0.049476,0.035868,0.027071,0.022915,0.022366,0.025298,0.032031,0.034153,0.02639
0.017277,0.015241,0.013804,0.012868,0.012157,0.011606,0.011219,0.010841,0.010612,0.010475,0.010372,0.010394,0.010376,0.010488,0.010598,0.010882,0.011236,0.011624,0.012143,0.012914,0.013844,0.015148,0.017258,0.020668,0.026729,0.040216,0.076109,0.18808,0.48815,0.76328,0.48969,0.18888,0.07615,0.040247,0.026743,0.020666,0.025842,0.02245,0.020479,0.018978,0.017953,0.017225,0.016683,0.016296,0.016088,0.015981,0.015979,0.01624,0.016547,0.017048,0.017809,0.018666,0.01989,0.02168,0.024472,0.029298,0.038641,0.061922,0.13625,0.36833,0.67648,0.49078,0.19043,0.078224,0.044032,0.031612,0.028399,0.024065,0.021575,0.019945,0.018899,0.018162,0.017675,0.017529,0.017493,0.017856,0.01839,0.019221,0.020476,0.0223,0.025196,0.030514,0.041767,0.070515,0.14817,0.26359,0.23146,0.11538,0.057856,0.036938,0.029433,0.024177,0.021437,0.019853,0.01892,0.018498,0.018473,0.01892,0.019913,0.021481,0.024288,0.029432,0.040243,0.064374,0.10037,0.10066,0.064516,0.040338,0.029409,0.023904,0.021215,0.019981,0.019874,0.020735,0.022897,0.027208,0.035855,0.049751,0.053093,0.040273,0.028257,0.023269,0.022185,0.024518,0.030715,0.03478,0.026431
0.020629,0.017363,0.015239,0.013896,0.012911,0.012213,0.011637,0.011232,0.010888,0.010692,0.010487,0.010373,0.010334,0.010414,0.01045,0.010636,0.010939,0.011264,0.01164,0.012195,0.012882,0.013784,0.015192,0.01733,0.02054,0.026704,0.040213,0.07605,0.18846,0.48969,0.76287,0.49078,0.18899,0.076269,0.04025,0.026832,0.030391,0.025144,0.022151,0.020104,0.018868,0.017874,0.017214,0.016677,0.016328,0.01607,0.015944,0.016058,0.016276,0.016653,0.017197,0.017877,0.01881,0.020133,0.022056,0.025124,0.030307,0.040902,0.069001,0.16077,0.42867,0.68889,0.43053,0.16148,0.069431,0.04117,0.033353,0.026652,0.023121,0.020939,0.019609,0.018711,0.018013,0.017657,0.017474,0.017669,0.017996,0.018627,0.019599,0.021001,0.023126,0.026614,0.033343,0.048234,0.088959,0.18914,0.27741,0.19031,0.089762,0.048507,0.033756,0.026383,0.022696,0.020549,0.019318,0.01869,0.018449,0.018675,0.019367,0.020593,0.022747,0.026551,0.033686,0.050018,0.082696,0.10854,0.083191,0.050156,0.032372,0.025344,0.02188,0.020288,0.019796,0.020354,0.021995,0.025452,0.032222,0.045068,0.054524,0.04515,0.029641,0.023795,0.022145,0.023863,0.02949,0.035149,0.02648
0.026825,0.020799,0.017303,0.015279,0.013882,0.012918,0.012217,0.011614,0.011183,0.010899,0.010623,0.01045,0.010345,0.010364,0.010346,0.010465,0.010661,0.010919,0.011259,0.011649,0.012109,0.012807,0.01381,0.015238,0.01718,0.020582,0.026748,0.040172,0.076264,0.18888,0.49078,0.76508,0.49135,0.18927,0.076164,0.040329,0.038822,0.029288,0.024545,0.02177,0.019991,0.018644,0.017729,0.017033,0.016567,0.016262,0.016,0.015958,0.016083,0.016356,0.01672,0.017226,0.017963,0.018988,0.020435,0.022521,0.025744,0.031544,0.043823,0.078099,0.19037,0.49274,0.68127,0.37092,0.13716,0.062461,0.041879,0.03061,0.025306,0.022224,0.020428,0.019269,0.018414,0.017816,0.017555,0.017586,0.017815,0.018209,0.018895,0.020008,0.021602,0.024117,0.028529,0.036881,0.05765,0.11488,0.23242,0.26544,0.1492,0.071013,0.040339,0.029455,0.024248,0.021458,0.019866,0.018949,0.018556,0.018551,0.019022,0.019921,0.021525,0.024318,0.029457,0.04031,0.06424,0.10077,0.10084,0.064538,0.03599,0.027125,0.022753,0.020721,0.019915,0.02011,0.021304,0.024006,0.029326,0.040322,0.053118,0.049776,0.030938,0.024446,0.022233,0.023399,0.028405,0.034899,0.026534
0.040319,0.026915,0.020633,0.017373,0.015288,0.013871,0.012952,0.012238,0.011622,0.011182,0.010886,0.010636,0.010473,0.010439,0.010386,0.010405,0.010513,0.010668,0.01095,0.011241,0.011595,0.012123,0.012862,0.0139,0.015206,0.017371,0.020641,0.026656,0.04022,0.07615,0.18899,0.49135,0.77293,0.49459,0.18887,0.076388,0.056604,0.036502,0.028206,0.024058,0.021453,0.019746,0.018543,0.017609,0.016975,0.01654,0.016199,0.016055,0.016051,0.016195,0.016461,0.016759,0.017373,0.018124,0.019276,0.020769,0.022972,0.02662,0.032879,0.047456,0.088702,0.22602,0.55434,0.65571,0.3154,0.11771,0.057838,0.036905,0.028437,0.024188,0.021618,0.020073,0.018971,0.018185,0.017781,0.017635,0.01775,0.017906,0.018404,0.019364,0.020497,0.02236,0.025353,0.030618,0.041834,0.07098,0.14981,0.26599,0.23256,0.11522,0.050215,0.033787,0.026398,0.022782,0.020646,0.019336,0.01874,0.018565,0.018755,0.019437,0.020757,0.022748,0.026509,0.033864,0.050124,0.083349,0.10899,0.08329,0.0405,0.029477,0.023912,0.021296,0.020196,0.019999,0.020756,0.022917,0.027148,0.036119,0.049738,0.053356,0.032266,0.025273,0.022417,0.023097,0.027297,0.034292,0.026557
0.07664,0.040584,0.026884,0.020657,0.017348,0.015215,0.013864,0.012871,0.012189,0.011598,0.011252,0.010889,0.010649,0.010452,0.010403,0.01038,0.01043,0.010517,0.010672,0.010901,0.011137,0.011613,0.012131,0.012892,0.013884,0.015278,0.0173,0.020512,0.026719,0.040247,0.076269,0.18927,0.49459,0.76618,0.49134,0.18933,0.10209,0.05185,0.03471,0.027363,0.023434,0.021096,0.019443,0.018288,0.017493,0.016851,0.016443,0.016099,0.01599,0.016083,0.016261,0.016421,0.01689,0.017418,0.018305,0.019445,0.021057,0.023477,0.027158,0.034616,0.051456,0.10178,0.26796,0.60738,0.60406,0.26696,0.089575,0.048383,0.033417,0.026703,0.023075,0.020954,0.019579,0.01858,0.018013,0.017633,0.01759,0.017645,0.017971,0.018694,0.019533,0.021004,0.023102,0.026623,0.033273,0.04843,0.089672,0.19018,0.27689,0.18919,0.064594,0.040374,0.029371,0.024257,0.021479,0.019808,0.018972,0.018585,0.018562,0.019023,0.019969,0.021465,0.024289,0.029375,0.040208,0.064548,0.10078,0.10075,0.045108,0.032278,0.025321,0.021921,0.020384,0.019883,0.020328,0.021948,0.025304,0.032299,0.044944,0.054403,0.033365,0.026123,0.022578,0.022664,0.026182,0.033248,0.026505
0.18956,0.07669,0.040464,0.026796,0.020634,0.01725,0.015277,0.013863,0.012923,0.012117,0.011646,0.011231,0.010901,0.010654,0.010496,0.010394,0.010369,0.010385,0.010529,0.010695,0.010833,0.011168,0.011596,0.012143,0.012844,0.013904,0.01521,0.017225,0.020486,0.026743,0.04025,0.076164,0.18887,0.49134,0.77046,0.49241,0.22596,0.089114,0.047568,0.032994,0.026515,0.023012,0.020818,0.019158,0.018106,0.01732,0.016798,0.01634,0.016103,0.016077,0.016072,0.016208,0.016561,0.016923,0.017603,0.018464,0.019693,0.021409,0.023865,0.028272,0.036451,0.056414,0.11768,0.31453,0.64937,0.5517,0.14911,0.07091,0.041885,0.03056,0.025242,0.022309,0.020397,0.019211,0.018322,0.01785,0.017675,0.017548,0.017752,0.018286,0.018984,0.02003,0.021573,0.024045,0.028352,0.037003,0.057878,0.11518,0.23123,0.26388,0.083136,0.050189,0.033713,0.026337,0.022708,0.020518,0.019321,0.018741,0.018555,0.018758,0.019523,0.020639,0.022756,0.026367,0.033762,0.050151,0.083025,0.10845,0.049718,0.035938,0.027155,0.022826,0.020759,0.02,0.02014,0.021316,0.023915,0.029433,0.040128,0.053158,0.034323,0.027248,0.022947,0.022485,0.025304,0.032097,0.026504
